60.8772,-38.7822,94.3923,-69.0259,6.86706,12.512,-88.7093,24.2496,86.7138,85.3973,84.1629,4.91406,99.6198,98.5507,70.0011,49.7127,32.6,-19.0477,30.3889,80.3527,-82.2229,-23.1126,-74.9929,-14.5395,39.6391,-86.1029,-56.7556,-22.1031,61.9464,-55.4448,-65.801,22.8236,5.77302,-71.4088,53.7977,-87.3599,41.1033,65.0884,36.8897,27.8171,50.4857,21.0526,-67.2689,50.1055,19.6033,-97.2677,-0.181748,-47.7966,-16.3154,-69.7929 
-67.444,1.46167,7.09456,-42.4369,86.9221,-53.2663,-28.5398,-69.8335,24.6306,-66.5934,-25.2782,58.8296,56.2302,80.4948,87.4208,10.0279,93.1349,28.5241,-24.8837,30.0246,-43.6588,-74.398,-48.9228,-10.9277,75.7075,70.6805,-8.19543,-24.4742,-77.1161,75.4892,5.73292,-44.5601,-23.0492,-87.1725,13.003,-36.127,-40.4388,84.4632,-5.96051,84.1918,-82.1302,68.7613,43.0214,74.1,49.256,30.4423,-15.8722,42.3909,-41.0337,59.2441 
-27.5845,15.3075,84.8461,23.4926,-95.6202,60.5536,-5.82682,-3.81562,-63.9206,17.0571,-28.3265,41.8123,72.497,48.6244,54.6398,-14.5,-87.5027,-85.799,-30.0368,6.53683,98.3928,-12.1671,-24.7019,41.4143,-38.0671,-75.4459,-28.1435,46.0607,66.945,30.8228,5.30482,-60.6395,-53.8697,-9.84906,62.8531,-49.4898,-49.2954,-42.9737,46.6945,-13.216,74.0834,-81.6319,-71.4037,46.5804,66.9924,83.2361,-67.9197,79.4898,97.4372,2.04352 
-13.9734,95.83,89.8765,61.3247,37.2442,-48.1907,85.8788,-90.8993,97.8701,52.8239,39.9236,3.17488,92.1844,86.0539,93.3258,55.0375,-63.4359,-55.9696,-87.9361,83.2586,30.8144,86.1472,-98.3733,59.4107,32.7276,68.6192,42.6468,64.8079,48.1089,40.084,-33.1485,-65.8644,35.914,-43.2721,95.4603,-26.8418,8.53726,81.3391,-17.741,6.40732,34.163,-77.8174,-90.4178,26.3474,-91.7635,-97.092,-18.615,-55.1994,-53.0616,-6.55119 
-71.9408,77.7528,-20.4039,-70.3141,37.1635,-87.6764,98.3051,-20.1897,77.1316,46.414,-80.1057,-56.017,80.5496,55.8082,0.710954,76.0099,-71.0335,-90.7518,57.349,11.2254,15.6555,-8.48794,33.408,25.2377,-82.1405,41.6445,28.1457,-0.755572,86.4451,75.0842,92.6932,-85.4957,52.8369,-27.7107,-55.8098,-9.99962,-15.3871,-57.5047,69.8107,-38.2555,88.9093,89.7049,5.72757,69.4589,45.5132,-93.5615,45.4688,74.4796,-84.3133,2.81787 
-14.2949,31.3423,94.3299,-80.887,-43.42,-87.8106,60.7575,84.7258,11.4338,47.2026,59.8099,4.12708,61.7069,12.6468,76.4164,-94.1029,-97.3528,-38.9707,-51.6076,72.4579,22.7738,-62.6983,62.1628,-71.4986,-93.2393,7.67598,-65.0601,52.2295,-17.8444,-49.3734,-44.9526,67.8607,81.9689,-50.6227,86.9737,-61.4511,-38.4333,47.7312,-76.7253,73.0005,-5.06619,83.0846,-22.8724,-43.3593,-4.26861,-46.456,-37.4622,-1.6214,14.5733,10.9301 
-29.1635,-62.6529,48.2318,-67.0007,-34.1515,54.9925,40.6753,0.788436,7.22198,-77.1691,51.4151,62.2693,90.6915,33.384,-88.3534,77.6652,71.9329,-26.7867,25.3965,95.2076,-53.7861,-79.6697,78.2922,23.3415,-23.029,-25.9764,76.8855,39.5087,72.4022,-8.54126,-49.5612,-56.7614,28.8059,98.6707,-23.7621,94.6544,53.6632,-83.0868,-4.55718,-39.1149,-60.2559,-53.1421,-76.8455,-69.5644,80.2419,-65.1989,-91.8991,52.1748,8.01443,33.4974 
47.3824,54.2283,53.8276,25.6746,-22.4302,-69.2014,99.6981,-45.5448,70.3073,72.1003,45.914,-79.2539,-84.6611,-25.2802,-80.5832,-8.42316,-30.6258,73.0799,8.49004,64.817,-66.0349,48.2341,-88.3251,-42.8804,78.6698,91.9169,-8.07934,86.7706,44.0917,99.9351,20.268,-8.52591,54.1634,-25.9044,-82.8513,-68.2668,4.8942,-83.1532,-13.8116,-24.7985,88.9471,-67.8976,-4.0524,-95.714,6.82222,15.3644,-4.13718,76.1964,-11.5557,-95.6471 
41.0135,22.4094,52.587,52.6884,79.529,31.2568,44.6053,-28.5504,18.0274,-11.303,-28.6153,-61.7046,80.1711,-74.4519,12.391,97.3197,-42.7187,-82.7148,-85.8335,43.4697,-7.51329,-96.8864,75.5721,88.4343,-92.6004,-17.6057,3.79869,3.26238,-41.4092,92.243,7.61524,99.6042,14.6524,-39.7978,52.2927,-5.81859,91.459,-3.10202,65.631,9.48639,85.595,-62.9842,47.7818,65.766,-37.4361,-39.8272,63.0858,19.8452,-22.5419,77.2523 
-36.685,69.9448,80.3659,-61.113,58.3791,87.7654,21.2814,-37.8222,-8.97217,79.8721,-45.5792,98.6431,79.4764,69.0732,-41.1547,31.7691,-36.7454,-49.6957,-71.333,-71.1143,59.7907,-85.738,-34.0986,7.57247,80.028,28.4654,67.7453,43.1138,-51.6894,-54.7967,20.3661,11.6256,-84.8519,0.731933,50.5126,73.5272,-11.5026,-28.206,-64.2951,79.5252,-48.3339,-9.8743,78.1683,-68.8576,-40.8011,-62.9864,62.9115,22.4535,-12.6821,91.5785 
51.3392,-52.8915,-94.1595,-82.7594,54.681,85.8685,45.706,22.4263,28.9823,94.0166,67.6297,-50.6516,5.64215,82.7778,50.0803,-43.8453,56.3049,-61.4223,27.9487,92.0099,-81.8971,79.6148,-17.8644,96.2711,-89.2428,41.3345,-66.7153,73.6687,-36.212,20.6026,65.2472,-84.8728,67.7111,71.0877,-67.6322,22.3921,56.9563,78.0737,-55.1815,-14.0614,72.0903,-87.5519,35.2869,-22.2675,95.2259,-14.6328,33.8872,51.5308,23.9449,-38.1641 
43.5407,42.0477,-58.5493,-74.3237,38.3189,-47.7921,67.0107,71.6036,-74.1233,-69.2013,-7.79382,91.1239,-54.0741,-40.0827,62.2116,-21.7064,82.3094,19.1679,-43.6326,-72.8721,-94.8935,-71.5423,-60.424,40.3934,6.19022,-65.1981,-74.2394,-59.9226,86.3327,49.7055,1.91339,29.8735,-8.24679,43.3641,55.5497,-69.9279,95.5721,22.5605,-98.3243,-78.5513,53.3592,-6.11813,-87.4274,99.2851,53.7992,74.7842,-22.4213,36.1086,-6.04785,33.9461 
63.2365,-0.941378,62.4039,-97.1875,-60.548,-31.4059,-62.3855,-34.7874,8.67154,-76.0528,-85.0819,-89.4151,53.8207,6.6713,53.949,9.3704,36.7434,49.5211,-68.0691,38.4191,70.9698,85.2901,-67.699,83.5424,84.5752,86.1001,58.3266,-37.8461,22.2087,-47.7212,96.1001,-14.5547,51.3374,58.5039,-11.7422,90.7894,-72.902,25.8723,-43.998,35.7696,49.8195,-29.0799,46.3545,3.64016,77.5914,0.303516,-86.9894,14.3348,-50.1754,-55.0586 
-47.2461,-79.2056,-69.7685,-14.9451,-95.6632,-85.1933,-28.845,62.6634,-23.0394,93.3637,-85.0578,-26.9393,-21.191,66.2797,-68.4354,67.0668,57.0691,-41.3373,-7.0609,-86.9289,94.4322,-57.2414,-16.0087,40.7867,46.3988,-38.4173,-58.9098,59.4093,75.9175,-9.08519,-95.6492,-71.3285,11.7092,-65.4177,13.7263,16.046,-50.611,84.8813,-21.2905,26.3496,78.2451,-6.34829,99.4103,-42.9459,-40.0686,-69.025,-75.8791,-82.9995,-10.3624,17.06 
-69.9284,-15.9302,59.8186,14.0629,-75.1435,6.21732,75.6456,-34.0533,-34.3734,51.5631,56.8615,-30.0226,80.2346,-31.4292,4.55967,-6.03907,84.6168,53.9487,-21.1577,-36.6738,-19.7017,-42.9127,56.978,-20.2913,14.1414,-83.0907,10.6836,38.2622,-66.0902,-99.6788,-44.6778,-36.0186,-15.6089,-84.8592,78.0443,9.24761,21.3581,53.6899,75.1943,86.9847,5.25302,32.0559,-43.0379,-14.5124,-99.3733,61.5218,79.4486,85.2434,15.4705,-41.7092 
-51.4303,95.7688,15.3781,-94.4524,-24.5226,-70.4805,-77.543,86.1611,67.7817,-43.6332,86.4823,-76.8961,20.3482,-29.1266,-61.7553,-1.60756,80.121,59.6028,-47.9177,55.3153,46.5876,57.3353,-12.6288,-96.4503,-57.177,-12.0021,65.0715,-77.7285,-26.7587,-19.458,-19.4377,21.811,-23.6893,95.9405,27.3586,51.7882,-74.5401,49.8156,37.9492,93.2417,-93.8177,24.4316,-83.6544,26.5305,95.3049,-45.4097,-75.0771,75.4259,-85.8069,-22.9947 
30.7413,60.7807,-65.6594,-81.8875,64.3304,-22.8364,6.11042,29.4019,-0.564901,79.3517,-90.0562,79.9974,1.16275,-13.7454,75.9379,-71.4786,-61.9572,-98.6022,78.337,75.992,94.6395,84.5193,0.423553,-89.0149,11.0498,-4.2715,-34.4246,35.9728,-28.8456,-20.2315,-87.022,-98.1043,-59.4508,-52.6813,-79.9917,-95.1204,24.4822,26.1187,34.2815,-76.0827,5.47043,44.2253,-96.0852,-93.3668,-69.5201,79.8526,-64.8454,-31.4773,81.2505,-86.5085 
-55.4853,75.89,98.0109,44.9382,86.875,9.06069,-59.3333,-47.5496,-54.9665,11.8212,32.219,-41.9885,13.7169,72.7682,5.33017,33.7251,77.6479,-70.1876,-40.1562,11.9294,-46.2703,65.3143,-43.8453,-42.3555,71.9474,-13.3654,-62.5029,-92.898,55.1573,-81.2524,-79.4065,99.6719,94.6376,-81.3956,44.6101,81.5126,27.6651,85.2769,-66.037,72.6986,-2.90199,66.182,-69.2899,-89.1851,38.9503,36.0403,44.54,16.5981,65.8527,-95.6161 
-71.4725,-80.4176,69.6981,-15.3178,-22.7731,41.6456,71.3168,14.724,48.7476,26.474,33.4716,69.3411,26.146,28.1092,87.9455,-29.2439,9.6218,15.6106,-43.967,43.5848,-11.6908,53.131,9.76689,19.0193,63.9459,-51.2828,-44.9404,8.4859,65.3153,-79.0877,12.8698,93.8428,-59.5054,-17.4321,-21.475,17.7215,-75.7865,-50.1582,-67.5544,72.961,76.3159,65.9172,42.3022,2.46183,-5.97361,30.2477,73.2179,-96.3518,-54.1416,-70.7491 
47.233,34.1676,82.3819,-43.0001,-46.8131,46.3277,5.7171,8.24649,-45.1864,-28.9676,29.1587,67.6834,-35.1248,69.6534,-49.7487,43.4003,-12.6251,-25.5352,93.2421,19.8205,-52.5742,69.5579,-14.2623,89.728,-27.9802,79.7641,19.9757,-54.7623,83.4123,65.834,-25.5114,30.6453,0.00161338,-43.1295,87.6452,53.1885,-96.8018,-6.63767,-38.565,-41.9881,64.3947,90.5937,-74.3047,-70.73,60.2471,-24.0534,72.6702,-52.3779,50.4113,65.9123 
67.4425,97.8371,35.4703,-46.8198,87.5651,-92.51,-67.0557,7.54076,-47.2723,-83.6434,-26.6252,27.2163,47.0019,73.3764,84.0868,34.6471,26.5649,87.285,-71.9906,87.9999,-54.7031,92.4041,78.5937,-29.0078,-78.3259,38.8408,46.9388,94.3444,86.4629,-2.64988,60.2567,53.9054,-4.81275,-4.27304,-92.9144,-17.2477,3.21698,-59.9701,90.2931,55.9447,-43.6135,-36.3321,-16.839,-96.6116,-62.9557,-32.7522,38.0354,63.6092,-45.4671,66.0448 
51.6092,-0.170191,58.449,30.2028,70.822,80.1231,-30.9564,17.7608,74.4675,-44.4935,-84.8891,34.7242,-90.5881,10.2982,-69.5488,-83.5024,93.0505,33.6681,-43.4725,83.3436,-10.3872,12.914,-52.9885,72.7739,16.3024,-15.9442,-59.9783,-45.6622,-52.3349,-5.44543,-79.6174,99.2742,94.3844,78.8316,29.4771,65.2064,58.9548,98.5207,-17.0328,33.4223,-45.9728,-1.92185,-31.8535,-36.5609,-91.6237,-1.40237,-20.0633,-98.5731,-67.7342,36.4642 
84.7705,21.8786,-50.6218,-68.218,-5.34754,65.6806,15.8379,34.6742,-79.9816,63.503,-70.7713,-59.599,62.7772,-76.3869,-80.7674,-7.74575,88.8195,78.1874,-9.22505,-28.2133,11.6096,44.8021,69.8649,79.7561,-91.7587,78.2412,-21.6463,-11.8221,79.6681,10.6195,-75.3579,64.4386,-67.5019,-25.9797,96.2206,27.1506,-60.2991,12.0585,-38.1753,-40.2807,-24.4385,-8.94655,0.12025,-61.6613,14.6666,19.3529,30.5929,3.48608,-2.45974,-78.6321 
75.2728,-90.8501,66.17,45.1377,88.906,74.4113,23.3789,-32.7403,-37.4108,3.04702,77.8792,-12.7687,-32.5144,-89.6227,61.2517,-36.2937,37.5279,-99.0474,75.7648,99.3526,-39.3282,-48.6737,-9.59394,60.7921,-10.335,-94.9274,-19.8551,-79.7421,8.5587,77.6852,-58.3743,-16.1685,86.8351,-92.2042,-71.0308,75.7411,82.207,52.3481,-56.9992,-55.2038,-44.6049,-79.12,32.0276,22.8808,-68.7427,-6.72073,86.587,68.7852,-5.76817,62.3518 
68.1378,54.9036,-86.3219,-41.4561,15.6957,3.34307,-36.3835,95.8406,23.601,72.1752,73.5258,65.2267,-43.9933,60.3609,73.0225,-15.0241,36.102,55.2295,-62.676,79.1028,-99.9743,-7.28086,99.9828,32.0533,-84.4001,-68.7599,-74.6674,-97.8131,-99.9747,19.5644,64.5387,68.1632,-25.5319,78.2169,-73.293,90.1638,-18.4401,-9.67645,86.0044,-94.8391,-37.5012,59.5303,70.3876,18.5055,19.8912,43.41,-96.5186,-44.0068,-1.36047,-59.1946 
-64.904,-1.33472,33.5245,-64.9212,-69.2814,49.1244,-33.681,-43.9488,51.3113,-33.6557,75.6157,15.8501,-65.4925,-49.9163,-5.93307,-38.7855,-59.7525,75.6269,51.5381,-73.748,80.7877,-85.9632,85.7823,51.1753,32.5423,5.67347,-5.41466,36.0236,61.6667,93.2249,76.829,96.7627,-8.10985,10.3536,-68.1584,22.6088,-40.522,-1.83947,78.66,-89.2107,64.5048,54.2756,26.6394,99.0123,-95.6406,-79.2936,-39.7732,-55.3931,96.3332,-88.2352 
-29.1411,77.1209,-74.1984,-43.3588,28.2962,58.3439,62.3146,-77.1184,-5.63243,23.9813,-83.8935,-28.8034,20.7441,7.99662,81.5502,52.5856,-69.3946,-58.9718,-49.2538,-90.7346,-48.1825,-84.749,63.541,78.4569,-85.7367,67.9004,99.1633,-25.5099,-87.4927,95.4965,-13.7451,-16.6338,72.6174,12.0565,40.0074,0.913661,-29.5995,2.32201,23.7953,64.768,-73.6967,39.9017,-64.0354,47.0474,-52.1017,-82.4852,-0.366992,-21.4963,-41.457,50.3792 
-12.2309,10.3605,65.6301,-48.6899,-11.1826,79.8934,-80.7895,-12.0194,-45.6165,-68.2821,-16.5229,40.6384,15.0841,-43.9055,-47.3051,-44.9085,57.0082,23.0954,57.4135,-19.1966,-12.1366,83.7168,-79.2949,23.828,30.7642,-31.3965,41.3428,-69.6028,47.1072,99.8858,80.7764,-65.1237,10.2462,46.4065,-13.8136,99.0636,26.2999,5.3969,-12.9558,80.6834,37.1148,70.5213,21.3217,-47.8011,-73.3841,74.0166,7.29034,83.624,-2.88799,-35.2962 
-35.5725,84.9754,-51.5794,-14.8674,8.80343,79.1848,53.7361,-49.8538,-90.4179,0.843302,-49.968,90.3584,35.7196,60.2783,36.7649,-78.094,59.3419,-36.9351,27.3029,-53.6139,-56.2518,-35.5824,-83.0926,65.07,16.6165,-56.4767,39.0866,-76.0932,-72.8526,-63.8014,-11.3893,-8.42516,-78.826,37.0313,76.7075,29.9775,16.2161,30.4436,80.1237,25.7982,-68.7131,-69.8443,16.1566,67.0065,90.434,-47.0784,88.9124,49.7759,15.9864,16.2153 
96.162,59.7347,80.6329,-86.9306,24.8047,-2.75058,-43.4073,-36.1087,21.1562,-16.2599,0.0899336,-90.2331,75.3149,21.264,46.7982,52.0224,-48.7586,-36.9857,-17.534,-68.6348,88.8125,13.7529,-38.4791,4.96918,-19.2407,-48.0451,57.8908,-30.3282,-98.2692,-26.1228,85.887,97.8928,-66.3881,66.52,-89.0378,58.4166,-36.2306,-32.445,-77.6922,84.9256,51.2951,22.3978,94.6925,26.61,-56.3382,41.4907,-21.3676,-5.0968,-95.4949,61.0984 
26.2684,93.3176,-25.1487,87.7893,-1.71323,55.6106,-60.2558,-43.8225,-74.7177,-58.525,30.0547,-88.8306,-60.6322,63.6666,77.6894,-49.67,22.0832,-58.5412,17.885,44.391,-73.6156,-30.82,-33.2112,-78.9231,95.79,10.4506,62.5677,-25.5776,-94.6462,67.0727,-64.4792,31.6221,60.3903,10.3721,19.4114,-41.3229,-34.0173,59.1556,14.8546,-8.73498,-99.3694,-55.0906,2.43441,-60.0015,-91.424,-19.8762,-9.67151,30.6591,21.5825,-91.7865 
-24.9498,47.967,-22.6065,41.839,69.0439,-26.8164,-47.7105,31.6116,47.606,-42.3567,-1.3157,83.1268,89.2654,-40.9254,-6.50109,8.67682,17.7517,59.4816,-32.1675,-67.3937,-49.2534,-31.5369,-22.4843,53.181,8.46156,-13.9083,-66.6952,98.7901,-83.2492,54.8873,-92.9965,-8.19901,2.85427,-15.603,-66.36,-28.1018,57.5806,-14.0705,-96.4903,5.18658,43.5727,2.19404,-11.6866,32.8382,61.2687,81.8123,-58.485,-20.9796,41.2939,9.34743 
11.6267,92.0405,77.8105,89.1424,45.2215,-13.7279,-24.7659,78.5263,-14.9379,-8.01505,33.4136,-7.93433,83.7859,-63.7321,76.4627,-82.5741,8.16603,34.0433,3.35537,11.6758,-60.7701,-53.0719,-86.1302,27.5433,79.7663,75.1385,9.3556,-78.7188,-45.8412,-49.3505,30.6287,65.7856,-57.31,8.4392,54.928,87.9115,94.7113,-69.8379,66.4377,-20.2266,22.1471,-0.148668,71.8391,5.93304,36.1192,48.3018,23.3589,-55.7148,-17.6549,-73.2857 
55.961,21.575,-26.3576,69.8308,-50.8817,-46.5913,44.9692,58.4739,-25.3101,99.1281,-90.8766,-94.6814,64.9137,-48.1866,13.7578,19.8417,-60.2752,8.4691,50.0038,-93.8374,88.2425,-27.8491,6.01392,60.0816,78.084,-57.8669,8.38342,1.4429,-13.5817,90.7285,28.1572,-57.6207,12.3035,-98.2004,-87.7899,61.4218,-44.7917,57.1793,19.8957,29.8982,56.3074,29.0191,35.2169,21.2211,80.8325,-51.0253,-58.9372,-79.4427,57.4438,91.0666 
-73.2801,45.6863,-36.7825,32.7338,5.76789,-58.6985,74.8669,-85.8487,42.7444,-38.7148,-95.1202,-29.0984,3.66454,17.1834,-27.2988,15.8746,-21.3948,27.9095,-26.9461,98.5009,-42.1923,-70.6386,27.5199,93.0246,50.5824,8.35239,-58.0008,91.6452,28.9097,99.443,82.7118,55.6296,45.1293,-54.0707,-11.6366,-49.1028,-12.7692,-36.7697,-34.9515,-70.0248,24.5155,-30.0717,0.876756,-71.82,87.1117,73.5779,44.0547,-34.2832,1.48745,-82.8914 
-35.7823,59.2952,-53.53,91.7376,52.3198,97.0524,0.0900283,94.319,88.6976,-71.0003,93.762,71.4094,84.6293,38.8913,-82.6613,-27.0074,89.7885,4.56954,36.2229,-45.163,34.5447,-39.2616,24.7653,-64.5785,-11.0815,11.877,-91.0006,-67.0269,77.5938,10.4869,-49.9183,-58.1885,-30.2179,-3.44829,-66.4509,-77.8982,-6.39588,33.6392,-83.5791,-17.6983,62.6389,-89.8171,-46.2888,47.2682,49.0742,-28.9501,-79.7392,38.8627,75.6194,56.4837 
93.6997,10.1642,-82.7779,18.465,45.5856,6.14059,-69.6581,54.5851,39.1137,-92.0642,-34.9281,89.1954,-50.2527,34.854,-14.2529,-16.7036,56.9558,79.3513,-83.0644,73.3767,-38.347,79.5745,83.5596,15.3642,26.8426,32.6338,86.4141,47.1035,-28.5035,62.0335,3.58718,-34.8038,-27.8023,20.8093,83.6611,-82.2167,-73.0501,-85.9969,72.3684,66.0636,-78.0612,-62.5597,55.259,-28.3139,72.2943,-58.9938,54.9825,29.2502,-79.6426,71.9181 
2.62688,-17.9896,51.4926,-13.8135,97.3746,-21.6648,-81.1797,83.7887,-74.5613,-9.68319,45.8221,29.0259,55.513,-81.9802,-50.1648,39.1741,-64.1969,-23.2149,53.1772,-91.8285,-57.1513,75.1161,-54.3882,98.1077,-53.1978,-82.0939,-60.8861,-98.2153,47.1563,-40.5286,73.7028,-50.2168,41.4818,25.1954,35.9697,38.8564,-96.4694,54.79,22.645,-71.0307,-54.8932,-31.5328,57.9952,-99.3802,-13.513,-92.1696,39.7939,22.2901,-15.3845,-7.02888 
30.4616,27.4642,-31.9128,76.0734,25.5719,14.8893,93.9795,64.6858,16.674,41.1358,-75.8428,-9.62317,90.9189,65.6389,-84.4278,26.8886,4.49533,-80.8972,-18.3215,-72.8596,-51.9278,26.7853,-4.39244,-93.9326,27.4051,82.0946,-86.1022,-32.801,4.38466,-1.48677,60.1701,-65.1538,-74.0226,-71.7427,-89.0804,51.5493,43.1466,-95.1009,16.2351,-40.1794,46.0349,40.3922,50.1975,36.9538,6.03117,65.7697,-36.1576,-89.4735,84.8725,45.521 
-62.3331,-67.0553,-27.6937,33.2744,-60.9879,99.7113,15.369,-47.0902,-33.0897,-80.2463,51.4231,-72.9196,-45.4001,77.4004,-44.6623,-34.4805,28.9497,98.4843,-29.5814,-54.8152,-41.6951,-83.5465,85.577,-91.4976,53.4074,-8.3918,74.272,-82.7502,2.1347,59.1446,62.7707,39.8016,92.0893,-64.923,-26.924,-68.8986,-65.2117,88.445,-15.9888,1.69865,-91.8013,-64.5658,28.779,-37.2014,-87.1653,84.1167,28.3181,41.7844,82.6009,98.7367 
86.9692,-59.0942,-84.8097,72.5462,-50.5918,68.5977,-35.8456,-76.3198,85.8474,66.2891,82.8248,48.6182,6.09071,74.9141,83.6952,79.1667,-93.9845,-81.5165,67.6117,-9.97336,20.1822,75.8104,25.4609,-51.0388,-61.3911,38.2956,-66.9221,66.927,-19.92,-84.3212,65.6638,-32.9508,-43.4153,80.8541,-60.4046,5.99287,49.4517,3.74986,29.6731,35.2991,-29.961,12.4979,-16.0827,76.1297,-12.588,-32.3875,55.2964,-6.57253,-13.904,22.9081 
83.4541,-93.7219,-1.28149,8.91499,-44.7607,37.3274,-52.7894,-11.6828,4.25448,27.2905,3.99605,-30.0817,94.3397,60.5807,-49.2277,-66.0649,-33.4264,-99.776,37.685,96.2467,35.5232,-92.276,8.74464,-80.5595,83.8537,96.1567,-12.947,39.1501,-10.4159,73.1489,-37.9417,-26.9618,79.4271,60.7768,81.9532,-65.3336,-1.89579,-70.8362,22.9836,-97.6413,56.4543,-73.0204,-27.7231,50.7941,87.5604,23.0493,84.7292,-45.866,23.2733,22.4142 
-49.6193,-41.2035,30.1382,59.1253,-21.763,13.9919,55.282,65.29,-46.8579,-55.1339,38.4389,15.2003,17.9044,17.866,-24.0229,-0.142405,52.5324,74.0813,29.0214,-24.484,76.44,-14.5243,2.49563,-51.2831,-63.7302,-9.944,71.7662,-79.001,44.19,-4.9605,43.4132,94.5707,53.836,-26.4486,53.696,-67.927,87.5433,8.97795,97.363,-59.3146,53.8441,35.8019,55.8857,-28.2516,-46.3321,-68.1372,71.606,-93.7997,-94.0559,0.627406 
-18.2837,82.3841,86.1031,84.2119,-68.899,-77.6271,-25.7321,-97.1328,-56.6281,-81.5421,-2.09332,86.7851,-86.9715,-48.2573,-39.6635,66.7245,-16.1843,-52.1202,-24.2976,-18.8213,-11.4348,-70.4535,-83.0195,-55.5491,1.29492,-29.3516,-23.6863,-27.0991,-23.1513,-17.7422,73.5283,58.565,-35.3582,59.6315,42.7768,-4.2572,82.0044,-82.9553,-1.39002,-74.6237,-64.4974,96.5167,-87.8387,-51.4689,-51.7407,-27.5022,-84.7444,32.075,20.3776,-9.04196 
-86.7463,-91.0572,20.5045,-69.7658,-46.6063,-78.2005,0.882646,29.7074,-5.29961,77.7313,-88.0349,-31.7713,36.2963,-23.393,-72.1398,-20.9269,72.3498,-90.1354,-3.88213,-29.0403,-64.7592,31.6205,-32.5236,-52.5979,80.1516,15.7357,19.9,95.4072,-52.1893,-59.7224,-13.6348,-38.9356,-50.7796,-93.1302,-8.70137,2.6141,-71.3308,92.1813,-67.6785,23.3696,69.9126,-55.7134,91.5983,6.20891,20.8936,-80.5415,85.2821,-6.75667,-70.6769,-18.6001 
64.2031,-35.4361,-86.9796,-68.3205,11.9661,93.172,47.4152,-68.134,88.5792,95.2259,-27.8564,-25.0556,-43.7097,21.364,-18.1858,47.589,-76.0219,10.4834,39.7702,-43.7004,-66.147,9.68284,0.586204,-74.5486,-84.1082,-78.5202,-55.0901,-98.8262,14.7231,-25.767,-17.4263,-21.0738,38.7969,-4.40587,10.6056,-49.237,-11.2339,-41.9792,-17.371,-22.6547,-46.7533,54.7726,52.2897,9.53704,-23.8634,-65.8961,-42.874,0.114728,44.5873,96.8962 
56.4143,78.4403,6.57906,-42.9995,-96.1083,22.4708,-21.5197,-51.1984,23.6446,93.2034,23.0347,-93.7816,-27.8704,-38.1684,1.81248,82.7352,12.5946,90.5786,-59.244,95.2236,-32.0761,-5.9973,49.9963,-79.7864,-96.4603,-73.8671,-45.6825,-39.3343,26.2476,98.9048,-42.438,-17.3381,77.3451,64.141,39.6624,81.2368,-13.3882,-81.8573,-69.9615,-89.7435,-88.6539,53.0731,-83.5252,-16.5243,-85.0952,18.2873,-33.7891,27.4994,8.86589,6.96687 
22.723,76.7898,-99.0304,-27.2807,97.0033,-95.4907,-1.14785,-48.6792,-34.8249,-74.9002,-49.7744,22.737,7.76169,-72.4293,-13.122,-52.5759,-91.1925,73.4899,-34.4331,-61.154,83.7464,-23.087,91.9191,-99.7788,60.3887,-93.1761,18.5085,-73.4004,34.3232,-72.6256,33.5665,-42.9538,-95.8359,34.536,29.7655,-98.8325,39.0453,-71.3824,-47.5117,-95.7796,-46.2826,2.71382,26.9574,61.4791,30.2845,-86.1645,-91.0968,39.0919,87.3253,-25.5299 
77.9379,71.0717,51.3831,69.857,71.2929,11.7718,76.6809,-10.1987,38.3714,11.0041,17.1757,-28.0622,68.0503,21.3398,-93.5261,-2.18422,22.5073,45.5192,26.4334,74.9956,49.7396,80.1508,-22.2906,-23.303,41.6298,-92.0061,-9.46753,50.533,47.0858,-22.1422,-74.9969,25.0237,-51.0705,76.3862,-5.11926,-79.7777,-11.842,-28.4384,10.0237,-73.4706,82.5657,-72.8006,-1.53277,50.616,48.5392,4.9411,-51.5682,-28.9535,-49.5397,74.8652 
-53.9579,-99.8001,55.0159,23.7515,-23.1031,-3.35421,31.7454,67.4294,-52.8212,-21.1688,-54.7128,-27.8181,-96.145,-5.78329,-51.4318,-1.26429,14.4391,36.7262,70.2973,-75.5373,63.2555,52.863,-48.3379,-38.2772,3.47905,-99.7987,66.6639,51.9108,-28.7521,-82.8758,26.776,17.29,-82.6759,-18.208,-58.9585,-5.77893,78.4378,72.7869,-38.3495,-74.3834,-48.3818,6.9377,-2.20146,-44.5269,-98.8456,46.3667,54.2088,15.5935,-16.9071,24.5062 
40.0562,-53.6516,-22.6308,91.7183,8.07117,80.8482,91.9197,-25.265,32.7591,-36.8325,-8.14075,-40.4649,80.4576,9.18337,41.3271,-78.5009,-96.5956,19.7649,94.286,-34.9451,45.3814,-54.0958,71.9926,-56.82,1.37734,73.147,89.5467,-44.4138,-11.2595,-27.3605,80.0923,-71.2033,18.9879,-42.5385,-79.485,-72.9409,-61.6902,-87.5653,1.79415,71.0689,-24.3978,93.6534,-69.396,-43.9402,2.83676,71.9311,-22.4411,6.2412,-8.30404,-28.1551 
71.2961,-62.9226,17.7491,43.2888,-19.7426,-80.8735,16.4358,-30.1959,-25.2873,-94.8237,42.4436,-45.195,-66.027,-38.5685,12.2665,-45.5119,-11.5094,50.5763,-33.0773,90.2848,21.6452,42.525,83.9382,52.2492,98.5848,-13.2251,24.1803,-23.8563,93.0161,-84.1237,47.9886,64.3122,-47.0463,-34.2623,7.601,33.2111,-15.1358,-75.9632,-96.9848,59.5768,-70.7869,45.4587,-85.6182,-36.8139,-93.1097,26.6484,17.6742,-4.61913,-22.7753,84.5969 
-14.3344,98.8699,27.1219,-30.3962,51.1192,25.7067,56.3787,-24.7005,-98.1497,49.3948,-8.82415,49.8389,13.7071,44.1296,-84.4234,-78.692,-22.6593,0.44074,-54.6552,-19.6442,-39.9824,-25.4421,-74.1855,-25.6006,37.7441,-67.2952,-98.9523,-44.5818,28.0857,-21.7276,-59.9849,-86.2487,-22.8576,67.137,-16.6449,-71.7384,-7.15632,-60.2662,3.56112,-5.306,89.1286,94.737,-55.4671,2.83562,38.8665,-39.8905,24.1437,-83.7928,60.5502,69.4885 
-3.43701,-79.4322,-55.9536,22.3775,-5.03287,81.7905,55.0823,-3.98514,-62.7913,-16.832,74.2873,-22.7762,-3.0807,-48.5703,-55.6391,80.2744,-20.3087,37.2045,-79.9919,83.2524,-68.1015,-90.8633,77.9894,-23.5686,11.9723,16.8559,36.5409,-63.884,33.0631,-2.90889,-94.3955,-70.3739,17.6589,-50.3491,52.0036,-87.374,-68.5586,7.08594,8.64087,-31.3498,90.2539,-17.0718,45.874,-12.8267,34.3579,90.2348,-32.5524,-85.9509,27.4394,-12.5443 
97.3015,59.3379,-3.40755,75.2909,-64.2306,-91.4352,-7.85324,72.3103,-55.3192,-74.7902,-30.5986,-49.7147,-45.1641,87.0603,-0.0637981,-93.1605,99.6863,31.3776,13.9254,8.32713,-99.9722,4.17936,91.2553,45.9018,91.3526,25.6132,36.1366,-41.1998,39.6623,-36.424,46.256,36.9638,-77.086,-57.1516,12.2547,-41.3167,-48.5868,-95.5986,-69.0064,-3.90605,-70.3888,0.394953,46.3792,-15.5529,-12.5448,-53.6846,-8.7134,-12.8585,77.693,-94.788 
95.4686,77.7209,9.39138,86.7239,23.6227,0.743999,12.337,-40.2407,59.5442,-48.0007,23.3353,5.80022,88.9631,46.2493,48.6486,1.2178,-95.0674,-99.9382,5.61922,-64.0738,-3.84422,35.2305,36.3212,-57.465,-80.3224,-76.2236,-11.1496,10.9642,10.9178,-33.4566,16.1762,6.38641,-55.7357,-74.4324,-6.8897,67.8869,26.3116,-94.5527,-72.3537,-14.1442,-42.5533,50.9816,91.6561,-53.5902,-2.7691,40.3047,47.6276,2.16352,40.3665,-46.7532 
38.0897,-63.4777,88.4773,-25.5891,-20.9427,-91.8451,-1.81277,67.9077,19.1191,-90.8949,-65.5489,-64.7047,15.4915,-21.2846,-39.1371,-91.3982,-53.3977,87.1745,-85.9509,-25.7514,-26.9696,-28.5042,-74.7698,-35.3136,17.9056,22.4611,-95.0089,-34.4668,-75.3754,45.3576,18.78,62.7143,81.88,7.25732,-62.8748,-39.0627,15.4122,35.3124,-71.1551,-65.4687,44.4175,-36.7039,-30.1734,-40.091,42.0115,30.6896,-31.4893,88.6138,17.8641,-17.4402 
-37.1376,90.8945,54.0556,-11.9074,-44.4191,-28.0388,-89.4463,-39.428,37.4944,-64.8217,-94.0704,-43.7256,97.8927,87.8096,63.5318,-64.9821,-51.2531,-21.056,70.3303,-22.4082,13.4753,14.7478,40.8879,83.3019,74.6567,-17.1007,13.9915,-56.8325,-28.4869,-68.1444,25.7273,34.3755,-77.2499,-20.2171,-77.5319,-21.669,51.7441,-66.9782,38.903,-10.7615,-31.7999,44.8326,45.513,-33.9072,32.6422,9.04475,1.11067,81.3891,87.9887,-28.559 
-41.0191,1.46404,86.1888,99.8688,-15.234,60.8455,-17.2319,98.7575,-95.987,54.2812,-69.3869,29.7403,-11.3432,-46.6368,-90.4768,11.1249,31.6942,61.2673,44.1467,-29.4029,-49.4941,-87.6531,-84.5703,96.0189,-21.5603,48.072,5.06361,79.5503,29.4611,-6.94766,-49.0087,88.442,94.5164,-62.8199,88.3108,-20.7176,98.0256,-28.9211,-21.9601,-97.9614,-74.6399,8.65299,31.7789,14.0169,62.0162,41.302,-74.8582,-6.28966,2.56938,69.2886 
64.3075,53.0752,81.6355,79.7372,49.0941,-39.9249,27.8091,-45.8423,-60.3745,-42.7298,47.2101,-9.38319,-54.2878,41.7264,27.7969,-65.977,-78.9912,25.8225,5.10185,-0.95133,27.8611,30.462,-92.2983,-40.3601,-55.5211,69.7178,-99.058,-30.3793,-36.5718,3.51135,-61.0907,-72.2644,-43.4134,-79.4552,-92.5272,-94.3193,-19.3801,35.282,-40.1616,20.2454,92.5522,-92.9515,-89.1378,-61.7357,48.7749,38.6591,-27.7127,69.7837,-35.5184,77.3891 
-31.1676,92.3426,7.85112,-23.466,-48.0174,52.33,-53.7481,-47.0755,-78.0492,9.68005,56.4359,-39.1399,37.4157,-86.9775,-18.5952,44.8885,-81.2968,62.0247,-19.8295,-21.4584,-17.7299,-27.2774,-14.4099,-6.86768,10.9869,-65.635,-68.2086,83.2742,-95.8513,-3.72702,60.6634,-27.0189,-11.3844,-31.4855,49.5151,40.5982,-79.1555,95.767,93.5228,-57.2047,5.44705,49.9587,3.65534,-57.1373,62.9812,85.0602,87.7512,81.6844,47.0849,-32.0783 
-39.774,-70.6449,40.6443,45.8161,22.4874,-48.3687,80.1811,54.2788,-65.0945,84.3298,-49.4482,95.5688,-42.6891,39.1674,-35.9167,-93.174,-20.2344,-15.0722,-97.407,-26.7117,27.7231,8.04006,-76.753,-68.6216,50.9028,86.2281,-83.5614,38.654,67.9125,63.5235,-93.4243,-71.8615,92.8786,47.22,73.9546,15.366,98.8513,54.1357,-30.3553,-66.2432,38.4655,20.1965,-70.6744,95.7764,-40.6361,-6.59105,-97.3976,39.1295,78.3368,-94.8045 
-87.5822,6.05985,13.2355,-64.3352,37.4383,-35.8617,-78.1071,53.8769,-97.2077,89.8054,17.4004,-90.6319,-82.0561,10.279,56.5881,91.8985,-74.3551,55.4394,46.0342,-4.71032,89.1962,-15.5002,-84.5138,-81.4782,-19.7238,-25.15,11.9308,-17.1214,-86.0205,-9.73247,-11.9259,-73.6027,96.3274,-98.6904,-37.9379,33.7656,-34.5521,-16.0449,-12.3575,-31.7597,-26.2395,-94.9571,-22.3917,-8.29554,15.3219,-65.8036,-16.397,40.9669,89.6359,-70.3627 
-63.7435,78.832,14.137,-48.2573,97.3539,94.4132,26.5928,9.28462,-22.7082,40.5723,99.5521,65.3659,66.9696,95.8795,66.6755,-70.9683,29.6452,-67.8766,12.9868,-82.7123,0.363677,86.7473,-77.6694,77.972,-21.5482,37.6525,-87.8315,62.0548,-21.3806,-98.1957,91.692,14.876,80.6363,5.82904,66.6187,77.9902,0.242231,-6.78856,-12.7252,77.534,-66.2163,-13.173,42.8999,-99.2467,-17.2935,9.57545,-70.215,-87.6483,41.6989,42.7718 
-70.3607,-57.9375,29.5191,-48.03,-79.9654,-92.0291,89.6225,-67.797,70.0257,-31.7581,-65.9927,61.7177,83.1179,-85.3563,-32.4533,49.7365,92.6339,67.789,-57.052,-20.0913,45.323,-23.2683,66.7357,-11.777,-22.515,-50.5578,97.7984,7.27007,-38.2062,39.4973,-49.9581,-8.56681,81.5598,79.561,43.4031,-98.4056,87.5319,33.0256,-66.2026,57.5576,-98.7324,-32.1953,19.2753,84.3854,-17.5517,86.822,34.1219,-24.9178,54.611,77.0699 
54.9909,-0.0659972,-46.1984,21.7266,88.157,31.2866,71.1688,85.9554,-61.4433,-67.0374,25.4526,-11.4014,24.3958,7.01244,-31.8403,-32.2011,8.60681,-44.3084,-99.1754,42.4042,-86.7508,-97.9079,-89.7911,32.5246,86.4776,-7.34279,19.3466,20.5995,67.7394,-26.0424,-2.33057,22.7303,73.8916,51.471,-55.5431,62.0485,-17.2423,-84.3743,48.0039,21.3144,-51.4117,-26.5435,-90.087,72.9841,80.469,-21.9273,-59.217,-10.9242,33.7643,-58.3924 
-68.52,47.0136,-56.3002,-58.3112,-20.4619,-69.8227,34.3461,98.8847,50.7768,2.08547,-27.1577,-51.5537,-75.1842,-53.2661,99.9173,-30.7273,-91.2176,-17.325,-15.1016,56.7864,-96.0106,33.4867,-69.7571,-86.0976,6.47077,-89.2881,-8.02486,47.2538,-0.212313,-74.2605,88.8614,31.2677,72.753,-67.4388,72.9565,-47.7088,-37.2614,7.30256,-48.8241,-86.4846,-90.612,24.0182,-38.0383,-65.7962,70.7521,-38.121,3.47653,79.5345,44.554,88.3749 
36.3209,48.5434,21.8616,66.5638,62.4458,-71.6676,77.2757,-45.5791,75.5862,-22.9366,-19.8396,64.4476,-91.669,-47.0866,97.0088,81.2876,5.2046,-40.2526,-11.4099,56.3805,-26.7372,-2.02186,-19.6013,35.2244,32.182,-48.8492,97.1034,-64.3415,-69.3147,41.6574,-75.9666,67.0062,-9.79927,45.895,33.57,-47.3535,74.2274,10.8457,7.06744,49.8135,87.9091,87.2278,14.2612,96.2402,-59.8587,11.27,77.5277,45.3459,71.0174,-33.8822 
1.72636,-55.7199,64.096,82.125,79.5046,-3.72205,-66.7242,76.608,31.9364,-36.0389,18.2653,55.9698,-69.0326,-91.5339,1.86485,64.5374,-38.8874,-23.9078,-24.6168,68.18,-74.0942,-36.7077,55.4079,40.1669,-40.4675,95.5491,-48.5631,-62.9398,40.895,-77.5457,3.17803,-57.3786,-33.2656,-32.726,-75.2536,-53.761,63.552,-41.9778,-77.153,-4.5116,21.9834,41.1123,-48.5418,52.9507,49.5784,53.3231,17.4882,-89.309,-70.5847,92.8713 
78.871,-44.6789,-43.8364,34.2788,95.488,15.6961,29.828,-53.0751,52.7563,-29.277,-30.6208,-44.0657,13.3443,36.1136,23.2083,38.0907,82.3526,-13.2397,96.1129,-94.8004,82.2487,18.0963,46.3119,-66.2931,-28.953,-4.1097,87.03,88.5352,6.58126,-83.5547,81.4065,-14.5477,-28.2336,-62.4298,-80.2689,-32.7456,53.2662,49.5591,14.1793,6.02247,-79.718,83.5585,61.9568,33.6264,19.6722,-14.835,-28.2829,2.02481,71.9253,-32.17 
7.22441,54.174,85.9263,-46.4637,87.8809,-43.0266,49.4266,74.9109,-54.4914,-43.9921,91.3562,-73.0849,41.4602,-36.8774,-35.5147,61.1913,30.377,-82.2485,10.7503,-55.4436,23.774,31.0324,-71.8851,-14.2693,-35.3412,47.7871,70.8958,36.3758,-50.1881,42.8211,-95.7941,57.0363,-3.00499,90.1322,-89.4274,-15.1241,-52.8944,59.9993,-40.2133,-7.38587,-83.9928,-48.8571,19.5292,57.4673,14.2655,84.0145,18.6586,-55.3575,-98.234,-70.5911 
-10.8011,25.54,60.4413,17.3138,-88.7293,-74.8999,-34.8991,82.1664,61.4759,14.9128,24.9875,65.6818,-28.0509,-78.0175,55.814,-17.4782,6.85836,-97.0805,-57.479,66.6451,-4.46634,-41.4718,-82.212,-84.9371,-84.0044,32.0535,99.0774,34.6542,76.6961,-99.1566,64.0631,-34.105,26.3834,24.5044,83.2088,37.6541,49.6045,-51.6903,19.8205,11.0804,63.2225,-55.192,-23.2379,-64.8284,-33.2095,-67.4239,17.6934,73.6488,-64.5044,60.2144 
40.2939,31.0293,-81.2574,58.0819,46.0922,-65.2618,-9.86456,45.1696,69.3924,-33.1685,46.013,33.4555,32.7265,-27.6036,-42.0401,15.9353,-89.9496,-92.4357,64.245,29.8709,18.6447,27.4675,74.6789,95.4068,62.6391,-58.5306,-72.0171,-19.6676,-84.8818,-36.5214,-59.4532,55.4121,94.5079,-40.7105,13.494,40.6001,-5.97232,-96.3706,-14.2303,-36.58,-29.539,-68.2173,96.8755,-96.8126,4.17911,-45.1646,19.1227,14.2296,-37.6003,-16.6323 
-55.8995,81.0444,-89.1649,-81.2206,76.4512,73.4742,-39.7512,-95.5658,-46.1934,-24.6331,-32.0872,-5.64653,-69.221,-37.5794,53.6429,44.273,-96.9793,-52.3294,47.9025,-11.2096,11.0907,-81.6366,20.5731,7.96618,-78.4491,-75.2477,62.8016,40.6736,38.9818,-74.7987,-75.9588,83.0823,-93.7543,-65.1236,-98.1383,82.6969,-91.6495,-37.8895,87.1311,-37.8428,37.4774,-44.9562,56.5106,68.2564,17.4645,10.1536,12.5294,20.4852,57.8242,-39.5681 
-90.7244,-31.0851,-21.2047,29.8488,76.881,0.346185,54.601,39.6826,-58.9802,-6.41714,64.8839,-34.939,-23.3348,71.1295,-0.0626663,-21.4731,53.8264,8.28788,40.6374,40.9575,70.4451,-21.8852,96.0014,26.9557,-53.6288,13.4658,-62.8907,58.9006,-66.0489,94.9335,-80.6675,-56.7733,-36.1517,-1.87218,73.0755,-59.2706,98.474,27.6765,80.412,-60.5062,-78.7406,45.2958,4.55474,-2.07543,16.4254,-95.5079,76.4515,-29.7482,12.7799,17.0888 
-88.7907,-16.775,95.2036,-92.7893,-89.8193,-58.4253,20.6765,-52.71,-99.5247,54.6276,-57.7766,-80.1922,97.8543,6.07173,17.9357,70.9298,46.8011,16.4097,-1.39372,27.213,55.9034,19.8657,-27.4911,-39.5419,-82.2098,88.9342,-35.0498,94.2417,-40.814,77.7302,11.3305,-29.6046,-39.0448,6.53411,-22.3939,-28.8641,48.1088,98.2826,18.4258,48.5842,52.9102,60.6492,68.392,50.7644,-33.279,-13.6723,21.6942,-86.478,-97.2627,-79.6995 
40.7351,58.6407,40.1661,-86.7561,-80.9011,57.9564,-97.8218,-15.9509,52.1981,-38.6358,-38.2207,-36.4714,31.7596,22.7344,70.0627,-90.6343,93.8703,18.1716,-92.3518,12.2961,-33.2442,60.5584,-27.0547,-64.8522,11.3228,39.6663,21.4754,-66.983,53.1883,24.2128,-46.6826,-6.07659,-17.1465,93.4836,7.16735,1.95237,51.44,9.34553,86.0015,3.63804,70.7097,-52.2193,67.1667,2.46934,70.5151,37.2294,11.835,64.3854,-44.599,19.4832 
-23.3185,22.1567,-19.9584,49.6268,57.3045,91.3644,-10.7069,-21.2201,-75.6186,-57.5186,-97.0073,-22.3012,36.4048,-14.1538,-28.8176,-56.4278,87.7985,-77.3776,52.9177,73.8,26.2604,23.6275,-78.4193,-6.57292,-73.9032,92.0959,-69.3435,37.9318,56.4813,-13.9425,-42.585,-66.8372,-91.7858,37.4566,82.7896,65.5187,28.8211,-27.9173,-55.7014,53.2025,14.5642,-52.7087,-69.0987,-49.031,33.1374,2.08372,-5.45882,20.936,24.7061,-52.5411 
-5.26403,-49.0335,71.0864,16.3167,44.3936,97.1832,8.41253,75.05,35.115,-35.1062,-38.8925,92.53,-1.9434,-30.6783,29.9866,-19.1538,-65.1597,-41.1923,52.9289,-20.8611,-87.9898,-32.5069,26.4302,-57.0885,18.4621,-40.4323,44.9952,-86.9967,80.5037,-30.2987,-39.5378,-24.7604,20.6678,-68.4515,91.5563,-34.9387,-71.2683,-0.0311683,-59.8886,63.8467,64.8626,1.21885,56.3767,-37.0808,70.5405,-13.6367,43.7655,-94.6191,45.171,-3.30561 
-15.4802,57.1812,64.1875,-89.0499,-99.9073,-17.3504,-29.4823,45.0879,-4.34719,-48.9786,-85.2109,56.115,26.261,35.4569,87.6635,17.8173,-99.4818,-83.6048,-82.2139,-59.3704,80.2418,82.6488,41.8484,36.6185,-54.432,12.389,-77.0182,89.3335,17.7698,68.1528,-13.9721,-97.7103,25.334,-49.7847,-86.7603,25.4266,32.8649,-16.2426,-29.4855,-71.4823,34.7788,-14.6964,84.6327,-38.9602,-79.2395,72.2962,78.8571,-78.7212,88.6913,96.6433 
-38.0916,68.9331,79.292,-96.2432,5.55158,-75.1399,16.1458,28.5333,-85.8065,-66.0844,-3.31387,0.22139,-63.7947,-77.9799,50.4367,-50.555,47.4467,-16.6984,33.2024,-82.0388,11.8193,-32.0187,3.26489,-3.54798,29.0211,24.0254,-31.2518,7.87822,45.3042,-42.5605,4.52148,-92.7874,-73.6274,-16.1865,-89.0306,31.9242,8.67359,27.1151,-39.5425,22.8671,61.0307,57.1437,-76.9115,97.236,79.1638,73.5252,-53.319,26.6105,-43.1731,79.8834 
44.5717,68.6462,-52.1353,-52.1634,-34.9018,76.8858,71.8621,33.8464,-15.236,17.1663,91.2859,89.2855,24.3788,-82.3415,-26.901,35.3482,49.5827,81.7726,-37.5366,-89.9598,4.6397,-76.5059,67.1839,27.7282,-79.2699,46.3477,1.25344,-32.5889,-27.0418,58.0803,-52.7055,-82.4701,26.7265,-4.84077,-34.6334,91.8247,-27.955,-62.7714,25.6712,56.809,54.3949,16.957,46.0944,-21.2262,34.6156,-80.8066,-85.878,-15.8018,-99.034,-23.4147 
-5.76152,5.60569,0.0794278,-38.5776,-66.6661,20.8095,-92.23,34.5873,88.2207,-19.2718,-7.33236,-64.4848,-1.74188,-80.6058,30.6744,63.6247,-88.7811,-97.2806,-99.1467,36.8901,59.5284,55.2482,-46.1529,5.62281,-65.978,88.4627,24.8162,-51.8561,-27.3391,25.7822,24.7293,66.8994,-68.6121,-75.1913,-71.6782,-35.2782,45.6182,-63.9082,99.3091,33.8389,16.82,-8.02323,69.3541,-84.9219,11.3709,0.0285543,78.7028,22.5898,2.74798,79.5561 
-40.5201,-37.7236,34.8043,13.327,67.8992,68.8263,1.78968,-7.28459,-83.0298,74.4506,-81.5024,41.6995,41.35,-50.1145,66.5081,69.6717,14.6073,12.1264,-94.2364,13.9164,-54.0347,22.5836,-94.1068,-84.6806,37.6617,17.2641,15.3479,16.3645,-60.146,-81.9041,-4.07941,-0.666129,-19.6277,-69.2751,-87.3391,-51.7285,99.5511,14.4506,40.9869,-83.4787,-11.0989,59.4845,58.2208,-69.7489,-90.63,24.7289,99.9229,23.9774,-63.1447,-94.3136 
-62.1062,-17.1794,28.27,-56.213,-1.86004,-34.0683,61.0511,-86.5121,82.2962,-99.0949,-68.4162,-21.7832,0.238971,11.9561,8.94163,12.8999,60.2276,8.49278,-72.6496,1.21447,25.0141,16.2516,-39.301,-16.7651,46.5027,-29.931,-92.0362,46.4255,94.0464,-55.1809,52.112,-68.0598,27.6397,-19.6181,-24.2728,-74.2204,46.3136,-63.2217,-60.7325,28.6098,-62.3166,-29.1486,-93.1735,37.9224,82.8075,15.7682,-49.1778,43.0351,-75.7391,-21.8274 
-55.7505,49.275,94.4242,4.94852,-67.4901,40.9269,75.0175,-59.5262,-12.6476,69.0639,-14.7071,-60.5357,-98.9959,-87.0674,19.8463,-23.2688,-61.2878,-33.8401,13.5095,-22.0203,94.7697,51.1929,48.8311,-98.4038,-10.8848,31.6386,17.3643,39.9374,-25.3264,41.6253,-81.8899,18.9231,-9.09968,-87.4658,-76.1283,23.4103,53.4611,98.8892,63.884,-59.1865,67.9531,-50.8231,-19.7222,68.9572,-37.8905,-99.8759,-54.3116,0.821654,-33.716,59.1979 
78.8014,-38.9463,10.3908,27.6325,-37.3501,99.506,-40.729,80.0142,39.4435,33.9446,21.6395,57.5535,-47.1322,-87.4602,70.0878,-23.2605,35.9501,23.5489,-24.3714,-0.16588,64.3624,-56.4183,49.011,-55.3598,-87.4611,-88.8795,-55.2357,-41.7727,11.9421,11.0484,-82.5748,-9.25648,72.102,27.8159,-81.624,-65.2481,27.3219,-22.353,-85.2339,-33.2346,-88.4083,36.4056,-75.6811,-35.5405,48.9455,94.4067,41.1989,-15.1044,17.9556,-83.1724 
84.7297,-17.6821,-39.5907,33.7407,26.9581,-27.0518,44.8612,71.7225,31.1755,-43.1967,-17.2292,48.6006,47.5468,-45.1271,-23.5834,65.9228,-10.3752,-96.2615,-56.4301,4.39095,-29.4961,-44.8385,-59.2034,-5.17717,19.621,89.7421,-10.7705,-39.1801,-25.3624,-92.8149,-22.3526,-40.6327,-10.497,38.0567,93.108,-83.5388,-88.9951,37.9692,88.1836,42.1804,94.7725,-29.0455,-9.21895,42.3194,25.8274,67.1976,8.24222,-84.5478,70.9361,51.8121 
19.8431,-58.56,-93.0264,60.6397,36.2629,26.5946,50.3818,-74.5076,87.4145,-74.9806,-67.3225,-34.9381,-15.6133,22.1805,-96.8814,-22.5053,38.6417,-85.8765,-84.5361,26.8253,56.3039,-89.7635,97.7798,-52.915,52.5559,23.6072,-85.7174,-39.2019,39.0593,85.2188,-87.3899,-41.0976,-73.3412,-80.4163,-80.4579,62.9217,46.1783,69.9239,88.4141,33.5928,94.9433,-78.9084,98.6547,-20.67,43.2721,-98.2267,56.8247,-18.0862,-84.1032,72.2886 
-91.2608,72.2008,82.5251,-93.481,-80.7142,35.081,30.1262,-66.4316,95.879,-30.8145,-81.2128,-91.5108,28.0879,-54.554,-71.9271,47.6301,-91.6323,74.2513,17.5539,96.7818,7.84405,12.4972,-82.1267,6.49872,91.8272,61.1455,8.27202,48.6519,-56.9407,24.1689,20.9406,-48.2016,-3.63036,3.46568,-41.6826,15.6554,-61.4533,88.4436,49.2238,-65.5743,-42.3709,68.011,-57.0851,85.717,-86.543,-29.0122,33.3471,-78.1753,-54.7609,-49.099 
-81.3936,53.0832,63.3982,-63.5202,-40.4181,55.2254,97.6252,67.8539,3.87734,-59.3155,-7.97725,-75.1821,-7.5171,88.3924,28.2836,50.8003,4.04781,66.8302,39.2439,-46.7284,-98.7441,96.8729,-78.7174,-55.8292,82.5899,-65.2604,15.1587,15.937,-43.4357,60.3978,66.838,-24.8293,13.4809,30.2362,11.6504,73.0628,-14.5384,9.27564,40.9167,89.339,49.9601,-67.0605,-85.8431,-57.557,-78.6682,42.4405,93.2433,25.3797,9.2707,32.4872 
78.6513,10.5266,29.3601,99.9339,54.6975,11.9501,-65.3264,-30.1439,-72.1129,-8.76216,-69.7461,94.7251,66.4085,43.7349,24.9613,-21.941,16.7977,-89.5771,87.3346,-42.2856,99.7619,37.2947,-9.34615,-86.0812,79.7378,11.9857,56.3593,72.9811,-62.6346,-34.37,5.46829,-83.9833,76.1566,-65.1716,-84.0494,30.8541,46.7785,-49.3758,-99.2898,74.6656,41.862,-69.0359,69.3906,8.27054,74.699,-5.64811,86.3295,-8.50331,4.7748,73.6641 
49.2111,4.5367,10.9588,-60.1351,18.4555,-9.30341,51.8506,-25.1853,-36.3223,89.216,40.4447,69.146,-94.7673,16.6013,-96.0256,-78.8167,-52.5447,50.7529,-28.1926,-51.8344,25.4185,-86.3305,-20.8703,-5.19088,21.94,-46.1713,89.161,8.2695,45.3254,-6.06419,-18.0664,-5.46353,98.4725,92.8925,34.4014,16.928,-16.411,-13.748,91.7427,47.2667,-24.532,32.1874,16.4127,-19.2993,-51.2113,20.3871,1.88397,-3.75596,-28.86,73.6914 
44.4096,96.5585,87.3609,-76.4607,-8.63235,9.30086,-22.632,-19.4713,-82.4296,-77.3066,74.4645,-0.496022,17.2298,72.937,-7.60357,-48.3688,-10.135,75.9855,37.8833,-18.3923,23.2522,-86.6487,-86.2049,-60.3351,-5.94798,-37.4162,60.052,95.936,58.8279,-68.808,69.6274,3.23748,-72.2494,56.9883,26.7768,19.1182,-33.7109,-95.8552,99.6469,-16.1405,-73.1619,74.1113,83.3635,44.068,47.0483,-24.2401,95.6992,-63.0867,-48.2546,33.5825 
18.521,74.9976,46.9338,32.3162,-85.3375,-59.0142,94.9,74.7145,-63.0782,53.7279,-94.0934,-93.4508,-43.0346,-66.3429,63.5375,83.7422,52.7753,-70.1734,87.8869,52.4222,13.6861,-85.2749,26.5336,-2.95044,58.793,-26.4181,72.8095,54.4922,10.4952,-75.4451,-11.9254,-70.9837,99.5525,-64.9916,61.3325,-85.785,-24.0058,56.2325,88.9295,12.916,9.96042,94.8361,19.4651,66.9258,-71.5068,-16.9974,50.668,81.2686,12.8292,38.5549 
33.6908,-73.4847,53.28,-39.7757,23.5648,12.073,33.8063,-3.6257,-33.4348,-55.6985,20.9292,54.6398,-26.6823,20.4816,89.6483,-65.3498,34.6966,-34.3575,90.8827,23.6261,78.5584,0.843124,18.4622,-1.97644,-32.231,46.9554,81.0262,-81.563,28.224,-6.14466,56.9919,-38.0853,20.3706,10.2719,22.1391,-56.0646,-77.6551,-44.0547,40.3097,-11.0899,0.246821,-38.7611,-56.45,73.5646,81.7205,-66.8018,-91.7852,16.4171,-1.15934,99.0975 
-59.9567,-22.6009,-0.0593948,58.5054,75.4226,67.7096,5.46085,56.4488,86.1465,-66.3152,-49.6959,43.1384,-4.40044,70.6748,-46.5896,-82.2613,-85.3898,-24.2447,-26.316,54.9199,64.6654,73.9308,-83.8412,-91.7847,47.4954,97.8793,-58.5865,55.7102,14.2965,40.2542,54.8076,54.3397,-82.3467,-45.2518,12.8452,93.0759,-77.5422,-81.694,49.5247,-91.3957,-48.0092,99.8288,51.7428,47.5904,70.5036,-94.8469,65.329,85.1138,-19.0916,-60.987 
40.0337,-54.4262,-87.0561,56.1925,-46.2109,60.4392,54.0718,-4.79737,16.1494,-31.6317,-64.5432,-29.043,-77.292,-46.8899,25.7053,35.5532,-53.814,48.1631,53.8592,95.7107,56.7674,-94.15,95.5395,8.51021,53.4404,66.0431,13.6633,18.7695,51.1569,94.5717,57.7825,-8.80941,-59.8545,70.7264,-52.6169,-6.06539,31.1656,-98.5451,89.1372,-52.685,-30.1768,-75.4059,18.272,-7.46875,-22.2959,-56.0227,-71.9156,23.8901,92.1404,81.9436 
19.6008,48.9078,87.7937,15.1403,-42.582,41.2341,-18.8166,71.0814,-39.9965,-67.6597,65.6531,-82.2139,23.5309,-94.2014,88.5124,70.914,-0.266768,19.678,72.3689,-11.1295,66.993,-57.8078,13.4645,-14.735,34.7234,91.1686,29.2423,62.8078,15.0587,21.3827,44.7515,-65.3405,-29.7095,32.5451,49.7998,27.7086,-26.2208,-69.0168,-1.21005,33.7827,-36.6764,-35.5569,51.5688,86.8545,-29.7583,40.0812,57.7685,69.9749,-40.2408,30.1374 
-41.1546,-73.2478,72.3296,72.3099,12.0172,7.05297,63.4785,-58.7405,-30.1392,-21.4627,62.6422,-85.3877,13.1968,-67.0672,47.1574,-37.0034,60.6413,-79.0635,-6.02013,-40.5687,54.7193,57.3034,23.8743,6.28806,44.1579,94.116,-53.6308,1.92635,64.0909,6.12844,-67.9362,-77.0637,32.8806,-95.6067,95.2462,-55.1022,11.4463,58.7248,-13.8427,81.3071,-62.7379,-51.2005,95.9194,50.4589,-18.2677,43.0767,-86.5445,-57.6264,64.0133,7.43537 
